10 0.1295558449074074 0.45552951388888885 0.07194227430555555 0.056354166666666664
12 0.1720920138888889 0.41842230902777783 0.2581380208333333 0.17083333333333334
12 0.18111255787037037 0.22576388888888893 0.2661870659722222 0.17266203703703706
6 0.7713425925925926 0.40041558159722224 0.046857638888888886 0.03541956018518518
8 0.9929716435185185 0.23760850694444446 0.028051215277777777 0.029751157407407407
13 0.5168446180555556 0.4550802951388889 0.06654730902777778 0.12230324074074074
13 0.9808738425925926 0.6322374131944444 0.30215711805555556 0.3021585648148148
13 0.4119285300925926 0.4627235243055556 0.047662760416666665 0.13788773148148148
7 0.8793214699074073 0.3952506510416667 0.022137586805555557 0.03345196759259259
5 0.6276982060185184 0.38879340277777774 0.09039279513888888 0.06739583333333334
17 0.4437037037037037 0.24195095486111112 0.06834635416666666 0.019184027777777776
17 0.9245196759259259 0.045008680555555555 0.21762586805555556 0.11750578703703704
8 0.46719184027777777 0.2580110677083333 0.014663628472222221 0.02805266203703704
14 0.6319531249999999 0.32423502604166665 0.40827256944444446 0.18105613425925926
9 0.7034563078703704 0.461845703125 0.023982204861111113 0.09691261574074074
10 0.9275159143518518 0.4249544270833333 0.03327473958333334 0.01798611111111111
0 0.15655671296296295 0.4175119357638889 0.04642795138888889 0.06390335648148147
8 0.8777850115740741 0.21242513020833334 0.027415364583333334 0.03400173611111111
14 0.16132957175925927 0.24554796006944443 0.10881293402777778 0.057554976851851854
13 0.6211617476851851 0.4618240017361111 0.07014539930555556 0.10191840277777778
11 0.7266767939814814 0.5117339409722222 0.17626085069444444 0.10311921296296296
14 0.22427806712962964 0.29815538194444446 0.06654730902777778 0.03717013888888889
3 0.49570746527777776 0.4574500868055556 0.07588324652777778 0.39406828703703706
17 0.7332725694444444 0.2473459201388889 0.06025173611111111 0.019184027777777776
13 0.34837962962962965 0.5279220920138888 0.11421006944444444 0.23261284722222222
13 0.5702010995370371 0.6182986111111111 0.2526974826388889 0.32014467592592594
16 0.23806712962962961 0.10615885416666665 0.3372309027777778 0.09832175925925926
1 0.3243012152777778 0.4025336371527778 0.058409288194444436 0.06124131944444445
13 0.12415798611111112 0.5818782552083334 0.1663671875 0.306953125
16 0.46048900462962966 0.22711154513888887 0.1438845486111111 0.032372685185185185
8 0.7506973379629629 0.2611990017361111 0.011475694444444445 0.022954282407407406
14 0.030034722222222223 0.26173502604166665 0.04496527777777778 0.0647482638888889
11 0.22907552083333332 0.4609244791666667 0.039568142361111114 0.02517939814814815
16 0.7926244212962963 0.23565538194444446 0.13489149305555556 0.02877893518518518
11 0.07436921296296296 0.4968956163194444 0.11155381944444444 0.06594618055555555
17 0.10557291666666667 0.0369140625 0.15287760416666668 0.09112847222222221
16 0.945502025462963 0.11964843749999998 0.29046657986111113 0.0815335648148148
8 0.2278761574074074 0.2298101128472222 0.0395703125 0.04676215277777778
14 0.030633680555555556 0.33637478298611106 0.03687065972222223 0.04556423611111111
4 0.5326519097222222 0.4684331597222222 0.08736762152777777 0.34214699074074073
2 0.5033622685185185 0.39429578993055553 0.052421875 0.04060474537037037
